-0.3364875468
0.3204393815
2.1365625980000003
2.5637960019999997
1.875651844
0.9642009249
1.515538096
1.929735811
1.256470304
2.2342148280000003
1.872024405
1.6468944490000001
1.055595365
-0.22196869579999998
0.09401052257999999
-0.8002165126
0.03063446466
-0.1537543725
1.296348952
0.4437196678
0.6714833606999999
1.369242325
1.158464634
1.026904023
1.4586067669999998
1.626717236
2.0514314959999997
1.129773785
0.240391945
-0.3449052185
0.8185993018000001
1.7784805680000002
2.483906963
1.34165149
-0.16303838910000001
-0.3809443886
0.1492989179
0.7319652942
0.7208487665000001
0.2393367619
0.09971829426
0.9858949314
0.59513225
1.4526985909999999
-0.08805946912999998
0.4051696349
1.104868411
1.4459414730000002
1.08971588
-0.4177069431
-1.8486280769999999
-0.7431044948000001
-0.06932754186000001
-0.9023967633
-0.5636782063
-0.39859577520000006
-0.17356719469999998
-0.7213092914
0.08737345772
-0.1428996795
0.3274304482
0.6847299208
0.4277808944
1.271275306
0.06681266628
0.7850988073
1.114759742
0.8804998488
-0.03252771464
-0.028147133650000003
0.040193878839999996
1.217906443
1.2910179590000002
1.5022506569999998
0.6925539443000001
-0.03314602623
-0.5225097715
-0.39496403909999994
-0.6244732253999999
-0.2910075557
0.9748576025
0.3167783309
0.9381441786
0.8527849254000001
1.087587719
0.2950419706
-0.224259359
-0.5735488044
-0.43391375509999996
-1.000600047
-0.7988237646999999
-0.4815989252
-0.5436264007
-0.8056737468999999
0.385230675
0.46676710109999997
0.6570949518
0.7320534011
0.09898902597
0.5429514193
-0.8221410903
-1.728470093
-1.691547484
-0.5814991735
-0.31083405420000004
-0.3639387944
-0.4382080706
-0.6861461501999999
-0.42643135390000003
0.760391997
1.564499782
1.226847381
-0.07285701088999999
-0.8041218248
0.47289493509999997
1.2483875
1.682930135
0.5918309123
0.21578673850000002
0.8060009873999999
1.479962115
2.395224474
2.16451825
1.277170125
-0.175166137
-0.18603543620000002
-0.4250788241
-0.6907451304000001
-0.8987224534
-0.920367607
-0.6038850843
-0.03852624767
0.2646872485
-0.43813450880000004
-2.3988542280000003
-1.7815074119999998
-1.134711199
-0.3489979928
-0.1151196631
0.1937469066
-0.46954789659999996
-0.8156813773999999
-0.2855205476
0.4397871875
1.24652253
1.4500338659999998
1.246559382
0.7014268357
-0.5333130915
-0.7775317765
0.2856858506
0.4480176296
0.02708071682
-0.9493236409
-0.38682108119999997
-0.5072838318
-1.112799637
-2.004238032
-1.4270402690000001
-2.477489995
-1.676670785
-1.632759625
-1.734552127
0.6942045055
1.1554177959999998
0.6085245558
0.2830641643
0.7214416962000001
2.039500027
1.4490060269999998
-0.04268543611
0.5864419968
0.8325041248
1.15605435
1.026719807
0.775570036
-0.1586488751
0.21045287420000003
-0.479548153
-0.5839220277
-0.2766878727
0.7240229059000001
1.364861426
-0.3505484874
-1.590365345
-1.956822342
-1.011689792
-0.11307932470000001
0.3560780061
-0.3002095871
-0.3427191487
-0.02803773416
0.47892282270000003
0.4334511255
0.6164748563
0.09655418940999999
-0.2015360055
-0.4500244378
-0.5191425143
-1.083159682
-0.3229110977
-0.23906897370000002
-0.4503641411
-0.9250484693000001
-0.059362983089999995
0.7661840781
-0.07819720568
0.008727108834
0.1730527041
-0.09724559186000001
-1.5490302980000001
-1.205463146
-0.49048649240000003
-0.4458087305
-0.3449684807
-0.8426037684000001
-0.04300049643
0.2944442378
-0.24354335559999998
-0.6356388675
-0.8300307652
-0.7071204043000001
-0.6227554640999999
-0.8941553622
-1.223803147
-1.795718434
-0.9308736209999999
-1.231228971
0.1121136256
-0.1720255464
-0.8706318388
-0.6151537483
-0.8415680501
-1.041894538
-0.5364927156
-0.3637153553
-0.8397308291
-1.275106031
-0.8738751344
-0.3689742588
0.4725416364
-0.6130191502000001
1.182839371
0.2800002097
-0.4960068856
-0.7148522423999999
0.3293991273
0.3669018682
1.550567085
1.146342316
0.1017446867
1.5436521069999998
1.034574042
0.9178386278
-0.6408902277
-1.993479394
-2.595555836
-2.729247355
-2.973392015
-1.326638794
0.46982337350000003
1.45885943
1.6362802369999998
1.8217409480000002
0.4778449918
-0.7869367691
-0.9883203759
-0.4667072802
0.09984133717
0.39670166219999997
0.22501098260000002
-0.22655662329999998
0.06543822425
0.03401142556
0.34232309990000004
-0.22931251390000001
-0.783038527
-0.3570232705
-0.36442955579999997
0.09213938598999999
0.1122737991
-0.8228350777
-1.158503131
-1.591623068
-1.1473363140000001
0.36251403479999994
-0.1454956751
0.4708509624
0.5254376834000001
0.007608624699999999
-0.6493248126
-0.7963849805
-1.8009504630000002
-1.3893324530000002
-0.5623040389
0.18579931100000002
-1.178874075
-1.7925967090000001
-0.18733546760000003
0.8313239228
-0.1660103376
-1.6401464140000002
-0.8081328241
0.01239486697
1.046294646
0.4213171297
0.7368757729000001
0.19629246
-0.3427531537
-1.508362086
-1.096989983
-1.212251404
-1.0574250790000002
-1.474868361
-0.8155325472
