0.15792415490547967
0.1495518395623669
0.9496363343846017
0.9078965386600051
0.05421952112335271
-0.48122635316208895
-0.30154834487849946
-0.9574825634915745
-0.185124198616617
0.01037817521743678
0.5934207097023032
0.6660985312493936
0.04933565534872608
-0.5841924084434552
-0.0411706645878817
-0.34959130602395805
-0.26896683636235397
0.002300145053753283
-0.04159109902272973
-0.3541105677088104
-0.7774424710409458
-0.3828082567725648
0.054249140053282074
-0.09708852122631462
0.27393032412319207
0.5580310156201151
0.23295771187543868
0.2899258293896654
-0.25385218930231307
-1.1662404955422199
0.004446686352096552
1.0829684315366526
1.5803563795634545
0.4160142722037289
-0.36171389645996377
-0.028129516115121045
0.033227972894518676
-0.30069231775647276
-0.21424457411170839
0.18034651534280063
-0.08623673873424015
0.2012367546483841
0.16232250884596666
0.652235560298607
-0.06298582329704475
0.13834189958555737
0.3773594294356576
0.647017169961448
0.26524243056692764
9.093226491707629e-05
-1.0315400904115986
-0.3464998295997121
0.15498271478722447
-1.0951607007149602
-0.39511904479416804
-0.22228077630589094
-0.3731658284529581
-0.5620565503233869
0.4943532128122779
0.5415829453181098
0.24426248921403418
-0.028822469803486572
0.1448822053453082
0.32920251805581346
-0.15792453488941743
0.17758858585858728
0.3037142215605585
0.020418097551360148
-0.6854741020659822
-0.30338897680265864
0.09410691495821202
0.3991796416466523
0.5192188371489965
0.4353227684782688
0.3780508171035767
-0.272295878155637
-0.4322149954238486
-0.9129288331309902
-0.4485089422557448
-0.9577464780066016
-0.11353507483333147
-0.702363942158613
-0.36057789229704174
0.6187174623065949
0.9856504911929481
0.40027879754608636
0.493899009721183
-1.223800213320446
-0.3853329815374594
-0.4415760404738358
-0.9020681216087522
-0.6101662889669192
0.033636826125204466
0.34710866569148524
0.34775517850126036
0.4830271830965947
0.37113910083811363
0.7522541243407476
0.3303491268498343
0.3155653243970372
-0.8819794468106852
-1.415076982361281
-0.6334995221945965
-0.039182683507255844
-0.2859353416115994
-0.4608872261587822
-0.6894781207091256
-0.8924378487640898
-0.4991817501350793
0.5006892337960722
0.6933106951149903
0.496541371952101
-0.261933201984454
-0.7051892993502034
-0.4922118244041103
0.3952904176140273
-0.24188396575432125
-0.013798380488821982
-0.7125501240955869
-0.500803866394271
0.6513453098716191
0.41899054398421454
0.5808625418840418
0.6035870595831787
-0.3267452861343057
-0.04525829554409616
-0.27041387557732444
-0.46322527568368366
-0.615237713028226
-0.422335210299031
-0.48277457331532414
0.4162460300564727
0.4141781738744695
0.5495381549907713
-0.20932755543732817
-1.3798565547422958
-0.5612929003823458
-0.19923424264773576
0.07001493175141459
0.36275347448297784
-0.5517252810795673
-0.9925761116811047
-0.4217973345433488
0.16968062812188833
0.4089228608393627
0.5601827049821788
0.6417314674145945
0.29584466818033345
-0.0687479668337434
-0.6811072854113612
0.5525839099536027
-0.07138318532696597
0.21618534740242765
-0.7541817029713653
-0.526244340781209
-0.1911398296272086
0.3875778174742661
-0.5253135626240908
-0.3374009037158461
-0.7827435781672014
0.12180471404790016
-0.02622671603200244
-0.9622440698967403
1.3314630198304966
1.0953454380950298
1.0550121383441433
0.17302003651908934
0.5592566004216908
1.7477484883411887
1.4228596134543583
0.8867292998659821
1.306133561161071
1.09417997383117
0.39837643773893905
0.5668221260406547
0.11794068153074266
-0.4415119852795075
-0.46334303042696967
-0.34624150107271773
-0.0694372617289748
0.03692668354278056
1.0261684635963766
1.657415088865542
0.42434995200386405
-0.5563621977086763
-0.16088471153424933
0.20107292521464037
0.5952848642302088
0.7597818832584551
0.20996250802897254
0.45523026861834326
0.7702272619859755
0.9460202217531444
0.5815698018876017
1.6202285892614199
0.8503812155225472
0.40676930407295425
0.03272632603691128
-0.41535534297096716
-0.025545144609072867
0.5505229092552308
0.3172801081262623
-0.7392871391537388
0.22062344058467454
-0.26759340873931836
0.5596575619641122
-0.04518201229981776
-0.11253183188426781
0.02017114626200847
-0.2916014430821885
-1.125121962930676
-1.0337259604887448
-0.07839201306452792
-0.640868064429192
-0.7334779423510235
-0.5307484208470787
-0.04779825098208195
0.19917894450584622
-0.19669769794905115
-0.046280067746756415
-0.5292761700167609
-0.7143200856259039
0.05102965637260337
0.16884823583833186
-0.04437661714966756
-0.6249824662592223
-0.13377176690936576
-0.2864243791735488
0.3820047155669963
0.6530178301115981
-0.08818986208656499
-1.0102052688010343
-0.07186269232745968
-0.8565987671745283
-0.6696849854748657
-0.869662037339383
-0.01462764986403886
0.18490492738999453
-1.5265129886713802
-0.025434087566230557
0.337316608568649
0.4247143666932768
0.8386346690473854
-0.30491548767557014
-0.47584898284578026
-0.6343074155676885
0.26954001710871983
0.21929327329015325
0.16714254205769752
-0.32567332242545954
-0.21853085395020946
1.3743514698258865
0.9378745942304598
0.7919018383462697
-0.4744255497654498
-1.3613044410558701
-1.3979655368605068
-1.076993574184259
-1.1939873543837014
-0.2813358057650861
0.07631866691982869
0.7193183617502976
1.3599894771456484
1.8784544837451906
0.8504968288347565
-0.5134210663381241
-1.8725703856452776
-0.6828679717940139
-0.4420252988588217
-0.13853216965827958
0.7332090094846826
0.5461756712076957
0.05079226634657051
-0.20595217700931148
-0.3091522198089823
-0.7608819649690153
0.28756446005934766
0.4861825868680138
-0.08862290603029965
-0.3298203078659388
0.013735159085974988
-0.5020305642115548
-0.3642744877028722
-1.0296578464292239
-0.016843760360003346
-0.1476465465154358
0.33726171993149157
0.4643454528963108
0.6811152161128555
0.5574048146806226
-0.2216905691726222
0.15203030494254977
-0.04823440433195758
-0.25052802586836354
0.3346861712631035
0.1520222453388851
-0.3887640682233673
-1.0454665717658853
0.28856182080608145
1.4738467664435102
0.7351885825634759
-0.5470786505881233
-0.4746725823933262
-0.00806902810459255
0.8868540861213824
0.6113688387823198
-0.48528126153610407
0.24499847590273843
0.5091557517632643
-0.1049735026762102
-0.11171339965631966
-0.17410531179690691
0.013464099011959663
0.06400618353166054
0.2789022373786091
