2144.3057453199476
183.8074151980984
2842.229237840858
-2701.114638098402
3288.2793099204205
-864.9146958769329
126.40757377715943
1672.2386358944436
-1322.654122139737
2997.8653496347124
-470.74124236644707
2351.4420172350997
776.344317569553
1492.083200757152
658.9603907451791
379.73189231794186
392.4462632984978
1478.2303941093758
1582.3032372411628
-149.59634758437187
3424.131832882917
114.16342124087487
217.04514749417024
3206.221486803657
-637.6147457872719
2991.2447110765906
28.982338848359177
1970.9417303349333
1513.370875318387
974.9119509973166
1150.0230881286147
1032.1284468219565
2875.475703321962
388.6995251587397
2311.7036861187926
-108.42292743378266
1914.9091844418576
2315.1421410881267
232.24072994796688
1288.5058538218586
2195.5052712059687
-212.0520125402802
2311.1780235842207
-110.87729850570781
427.3908112477394
3347.5784525348768
552.9898085665656
2615.6951644058736
544.925657727525
2697.9470990047403
-813.3864480964119
3096.9879497886677
580.7487842990108
2813.828969708706
96.68406828145044
2270.6793503024087
964.1257705047905
1627.491747374598
168.08377641649963
949.9374123469813
1733.0772663839998
403.7710693841781
2950.4956872904413
69.77808058686719
1899.4682792032786
2944.6331536383586
52.35347221052302
2976.3808920016572
383.5209411590646
2431.5520849160043
-28.15610119513144
3190.084727685996
-2062.3841913398455
3062.1702369757068
249.97896781385998
2696.4350396033906
454.37730996880214
2299.7209925174648
-1348.2038243217526
2973.3260821241056
-395.27802439589186
2869.862108253169
352.18175182749326
938.0970357306459
680.8426750072053
1790.6073840476874
357.2501149902138
2210.3525109433185
701.2446993341072
2817.3739292387877
633.5087864805492
1929.4960382782604
657.9354969170022
2259.5869041705546
-110.29159279853957
3029.017268488577
-12.36616844801415
644.3325349146952
222.10764162637895
2996.9287147984496
82.44051575243748
2278.6366280883435
532.2027180333649
1760.7506107162355
98.74610105087436
144.38445485389138
1637.8558322612719
584.845077073684
2322.6160035462517
-1266.8648536964888
2548.9477743705547
-26.61081858710031
1851.8938093606275
1093.7505929016768
-275.3326239337964
2514.121267989151
-99.36774914347029
-574.5702258674321
2787.84750402555
-293.04583331904223
723.7341437227675
2654.0620001560383
-686.0958854078606
2496.007745920375
171.19170175168165
1640.3925748217835
753.2267200197934
1420.5396042500956
250.47987379161862
1491.936922291204
816.4263121191141
1749.548894997145
347.73568802440707
1858.7920597211212
442.8348646739603
2378.2062019652913
-445.7594966243746
2518.1486827765584
-17.80978938817975
1885.5370445690583
-279.69631178982513
646.4554494809462
390.3233833750505
1838.6554173329896
-209.16397839984393
2206.9961966962132
287.4281662498646
2319.4695207950112
573.3803456170434
2363.4000387976516
247.61237472483526
592.9059552564831
893.9901077475845
943.9276266018139
-330.60071882613965
2288.5679130558583
953.8062107943327
1149.9026787884259
1193.6296714956534
2370.558113049211
484.72291741604533
2613.477728746616
-563.500271324614
1552.6538432599057
-68.67499593133289
2265.0320113432044
488.66553718412365
2352.566583847878
781.1076131719028
2675.245444138932
-1420.7385091257247
1077.0006743366514
696.8027032824409
2666.5627742638326
-502.1822131662261
983.8402130658399
778.3965695620709
2527.126060587608
-281.96233813604294
2384.7591896273684
-516.3024398401569
2767.890037904858
119.76039391154973
1608.9256405822427
396.56561278271295
1932.6278129247344
-1026.197907618423
2806.8110873198852
89.21248002719472
1967.4111494708425
264.0762364628988
941.3258058896149
1950.5225597896242
-640.0745181422278
1984.6724557069579
-939.6502832373826
2324.686289847759
-11.469369315486347
2162.3212100372857
-45.76432076355172
755.8554871488354
282.3744242963702
195.76723420567362
-1676.4845793278087
2671.5556637372456
59.86390660346251
1466.270441049597
758.3602970226293
976.6613425586107
2003.356170959199
51.089527935304204
2590.998396169616
-1026.0349022764267
2496.358506338128
-344.46340492233753
3137.7343519917476
-280.4598213570139
1402.128827778701
-414.3905706768851
2708.5608508349983
591.423330727123
2336.060737919416
53.79653038906645
1969.1403129475684
1008.1509237537598
883.0244970065535
2342.3856264548363
327.6062739572574
2733.272419762447
2366.5632671394696
374.5502226449362
974.6356007252233
2341.103145550189
-1344.5710566291305
2675.3625345805067
515.0629847462405
424.81035008892513
1610.7375755827425
721.6275366679129
2621.1354774655188
1867.7557221393427
491.81221804532765
2437.73051116379
516.2035483528526
1613.0440802103428
378.4748250021204
2688.0853213487017
1166.0439461799456
2413.073488183488
40.71590480060104
2146.985111501505
-5.809061708956733
1672.3523313995993
689.7662527618872
1257.871541762337
249.15091686436608
1380.545447439714
471.37464574230853
-620.2326071222733
2419.9211073595566
2763.3972671052925
1443.2537593057746
3147.4331372191305
623.3666277014479
2463.910414931528
706.059364619519
2157.5428908860335
820.2075126353499
3021.8570699745796
1215.5651000775867
2843.2293568470313
506.54016130382627
953.5384046613682
1712.1687515301992
1513.2854363912998
1949.495663402382
777.0817388082476
3261.9783209816596
651.8169582819482
3144.634025729989
595.539179237907
2502.098552159632
1504.1862714175381
1698.9760912984682
1118.9029506191503
34.89287353625423
3468.487065741655
451.1396917107587
1730.7937393175102
1512.526880266378
661.4596681896887
1197.4906302995214
590.8759786543025
346.9251366467755
848.3820428317058
1012.7468962052823
577.0989558337409
2923.959144059948
-84.09598548588792
1768.3413428394365
946.8562150572462
2186.4557103370175
-401.9868356421273
2399.282640119998
229.59088307371746
2386.2717208710374
1342.2600553231991
1317.4867712140358
1312.8094922139717
2213.1354242942766
1004.9067778776672
2064.733103068588
762.0333917904061
2330.2133901898915
791.4700406387065
