1215.1432900130749
1205.5931715667248
1208.236507922411
1213.992159664631
1207.2132809460163
1271.4634081721306
1149.3583223223686
1206.5737640857697
1200.6475745141506
1197.0662800967693
1223.7554503977299
1168.7570004165173
1193.0160066485405
1166.113664060831
1184.7875563800335
1150.4668182134628
1183.8069638609886
1150.9357972443104
1203.3335453271866
1199.624347537756
1167.9469457268715
1193.7407924234867
1161.8075838685036
1201.926608234644
1181.9310477375984
1186.9192792475224
1203.077738583088
1161.2107014656067
1189.9463257193565
1170.2492064237595
1201.0739190876484
1183.5937915742397
1210.4108652472496
1173.9157697558403
1190.5432081222534
1178.3497533202171
1146.1607380211353
1190.9695526957512
1179.884593784809
1191.2679938971996
1190.9695526957512
1178.179215490818
1159.7611299157143
1198.6863894760609
1154.7302639484406
1175.9195892512798
1162.1912939846516
1172.636736035347
1193.0586411058903
1182.6558335125446
1163.043983131647
1195.0624606013298
1168.8422693312168
1180.4388417303562
1188.880464285612
1168.629097044468
1181.5473376214504
1153.4085957705975
1195.2756328880787
1173.3615218102932
1200.562305599451
1179.5861525833607
1176.0048581659794
1191.4385317265987
1173.4894251823425
1188.539388626814
1164.3656513094902
1168.6717315018177
1197.151549011469
1184.9154597520828
1182.8690057992935
1193.5276201367378
1197.876334786415
1171.6987779736519
1182.9116402566433
1179.6714214980602
1180.9930896759033
1170.6329165399075
1173.404156267643
1187.1324515342712
1215.1432900130749
1165.2609749138355
1196.2135909497738
1152.8543478250504
1175.6637825071812
1161.338604837656
1190.7137459516525
1187.771968394518
1175.5785135924816
1141.9399267435074
1164.6214580535889
1144.2421874403954
1154.6023605763912
1151.8737553060055
1190.6711114943027
1154.81553286314
1174.7684589028358
1172.2956603765488
1169.2259794473648
1164.3656513094902
1159.2068819701672
1173.020446151495
1155.199242979288
1159.2921508848667
1160.9122602641582
1187.3456238210201
1170.718185454607
1182.1442200243473
1163.1718865036964
1184.2333084344864
1160.954894721508
1201.5002636611462
1158.9510752260685
1183.4232537448406
1209.3023693561554
1163.7687689065933
1219.321466833353
1208.9612936973572
1190.244766920805
1214.6743109822273
1181.8884132802486
1205.6784404814243
1212.7557604014874
1159.6758610010147
1201.6281670331955
1166.1989329755306
1178.8613668084145
1177.6676020026207
1201.7560704052448
1160.016936659813
1176.7296439409256
1151.9163897633553
1178.008677661419
1148.0792886018753
1158.8231718540192
1153.4512302279472
1216.1238825321198
1171.9119502604008
1188.9230987429619
1160.7417224347591
1221.1547484993935
1210.155058503151
1203.2056419551373
1199.5817130804062
1203.2909108698368
1183.8922327756882
1193.0160066485405
1173.3615218102932
1160.0595711171627
1178.562925606966
1204.8257513344288
1220.1741559803486
1180.268303900957
1160.8696258068085
1194.5934815704823
1138.742342442274
1142.9205192625523
1127.5294801592827
1143.9863806962967
1127.0605011284351
1151.1063350737095
1163.640865534544
1156.4782766997814
1174.3847487866879
1187.6866994798183
1175.7490514218807
1167.1795254945755
1134.8199723660946
1169.6096895635128
1165.559416115284
1179.6287870407104
1189.7331534326077
1165.559416115284
1176.3032993674278
1154.8581673204899
1152.6411755383015
1157.501503676176
1162.9587142169476
1156.7767179012299
1157.714675962925
1202.0545116066933
1148.9319777488708
1183.167447000742
1152.5985410809517
1153.8349403440952
1154.0054781734943
1158.6952684819698
1153.2380579411983
1170.6329165399075
1154.8581673204899
1171.4429712295532
1147.1413305401802
1172.8925427794456
1150.424183756113
1162.3618318140507
1181.3341653347015
1177.0707195997238
1171.9545847177505
1170.16393750906
1150.2962803840637
1162.873445302248
1157.9704827070236
1177.7102364599705
1153.323326855898
1155.796125382185
1174.0863075852394
1141.9399267435074
1165.4315127432346
1144.2848218977451
1157.1604280173779
1145.0522421300411
1149.6993979811668
1176.473837196827
1150.253645926714
1145.0096076726913
1142.6220780611038
1144.5406286418438
1141.3856787979603
1161.8075838685036
1162.3618318140507
1157.0325246453285
1180.6946484744549
1180.8225518465042
1149.5288601517677
1163.043983131647
1161.8928527832031
1184.7449219226837
1164.40828576684
1197.5778935849667
1150.424183756113
1193.3997167646885
1165.175705999136
1174.0863075852394
1155.412415266037
1215.1432900130749
1175.0669001042843
1196.8104733526707
1180.5241106450558
1180.481476187706
1222.561685591936
1251.5531165897846
1173.1057150661945
1226.398786753416
1210.5814030766487
1232.3676107823849
1208.7054869532585
1211.9030712544918
1220.1315215229988
1211.3914577662945
1200.946015715599
1230.6622324883938
1202.0545116066933
1206.701667457819
1223.71281594038
1169.5244206488132
1196.8531078100204
1168.4585592150688
1176.473837196827
1155.6255875527859
1244.3478932976723
1275.5136816203594
1226.4840556681156
1224.5228706300259
1184.9580942094326
1181.8884132802486
1151.1063350737095
1153.877574801445
1158.268923908472
1149.10251557827
1169.6523240208626
1150.1683770120144
1144.2848218977451
1164.4935546815395
1145.6917589902878
1156.7767179012299
1150.2962803840637
1152.172196507454
1165.0904370844364
1151.5326796472073
1156.179835498333
1152.6838099956512
1160.784356892109
1169.7375929355621
1162.9587142169476
1140.5756241083145
1154.1333815455437
1147.738212943077
1155.8387598395348
1145.5212211608887
1146.1181035637856
1140.3624518215656
1147.7808474004269
1137.0795986056328
1157.330965846777
1150.7652594149113
1160.3580123186111
1155.2845118939877
1139.0834181010723
1151.1063350737095
1149.3583223223686
1161.168067008257
1154.8581673204899
1153.1527890264988
1165.8152228593826
1194.252405911684
1150.2962803840637
1153.9202092587948
1141.5135821700096
1137.6764810085297
1136.866426318884
1163.3850587904453
1131.7076569795609
1141.7693889141083
1135.71529597044
1150.9357972443104
