3.3215697331074807
11.975960047013132
2.6942276355669037
-2.815601784131786
0.5353365027567634
26.223882755064324
-7.955542791190055
-12.446808875361967
-3.765161888640023
-7.0565743882573315
-18.707867585778104
2.5522316660137676
-0.6493925967974974
0.796548721342333
0.38098745639968
-4.3881153853362775
-1.05353644713
1.6473709951724231
-1.2971585156778929
15.276746806119945
-7.836042610541426
-4.446377519918997
1.951317271804328
12.068835145651292
-0.5631999497093148
7.4886789820996
-0.6944718081206247
-15.305313537439133
-3.9409799601537543
-7.7482947107694145
10.917595773789117
12.476432092593086
11.561273345184873
-7.901258920980581
2.2516427576690603
5.126316041637665
-5.81716391018881
8.484575420040528
-0.6326093645193396
6.100834545287398
2.0852132036472995
5.314062003525805
-8.376196185396338
8.4082177388741
-1.063408387572963
-3.3906431562099897
-5.6572132230844545
-2.6890004356323516
7.5318891068620815
-4.919179932901898
-5.317233241859185
9.774901846203875
-1.7215474420122518
-6.585724704991662
3.617567009524919
-4.925124801485481
-4.124849614039704
-18.396438249149696
2.032537092872417
-10.821489130256396
6.468543151584527
-3.4551151139817193
-0.07537464837218977
7.339567634203604
-3.0415793241952542
-2.8590893372743267
-1.933417753318281
-14.284602330809776
12.487036533640776
0.9211125876931874
11.878579727944953
7.957702380724186
10.100478673423595
-0.06195772593014226
-1.6850940241968146
-0.7635789830414978
-1.340772262946757
-5.233146110406551
-11.187058967304438
-3.3119624224220843
-9.541851467894958
6.241936023106064
11.269340437498158
6.056334159543894
2.590794286865048
-3.789268074321626
-6.683899671971403
-6.71300169869528
-4.079904395285666
-11.191190026362165
6.4497288764778204
-0.6347653202712991
1.9439524660188
-0.192777570616272
-7.664096821295971
-2.601668732125745
-7.572640122179109
1.0857642062319428
-4.682592462924504
-8.234089240119147
-4.803255540186001
4.758732826351434
8.375999855516966
1.5573487986227974
1.9434585345118194
-9.394243171463586
-17.412742656819773
-0.9889954660745843
-2.268808176336279
1.770816194494273
12.282688790312022
-0.7515754268758883
9.901122041449298
-3.8711357153620156
10.613614327706046
3.2661923160671904
7.954284745478844
22.734119436231822
-2.5266626906384317
-1.7624668135733828
12.041876887442413
-0.8152573114953157
5.554493960713899
4.011706163226108
5.766409236276786
8.91340103936227
4.110085988365654
1.0467406798384218
-12.462183123597697
11.305740373514709
-8.787536017087405
1.2378384183857634
2.808017222967237
-2.4476472911264864
-4.552508187913418
-9.573559878723927
-0.05154041465038972
2.3146126405861196
3.923224296457647
-1.828597776769584
-2.2494749552058693
-11.176612970519045
-9.320415557573142
8.293641795265785
3.2201451424148217
-1.3690122499986046
-5.2407467267983066
-2.89730318105876
-3.565429095393938
0.5109654309219422
4.357837920496877
-14.677015245915982
3.0680321811457816
-2.515616735165395
1.6773246595678302
-10.921320093181066
2.1076154790782766
-1.5348239741824727
-2.9834492820577907
-1.874993293550233
5.438941543526198
6.805896533168607
-2.8705318292979882
15.65398866422538
0.27528232153940735
12.270940393089177
-2.4215436734364175
-13.430577867807642
4.9408667331897504
-3.5464136929201686
4.214701967523297
12.474265462818721
0.03789192708632072
2.202323215439492
-12.7188082746909
-3.257475907459593
-7.539574880060854
-2.6276669655926526
-6.970002122663345
1.1673680131132187
14.071337704511734
6.046199063689073
10.81991643925494
12.99169815715345
-4.117513450041315
-6.315117500231736
-1.5017999381625486
7.465853955216289
2.5573049053116392
-6.705947786304023
5.836449554278261
-8.25458331325467
6.165390972524165
-16.117775455309356
3.02464914823031
-7.3303707981308435
0.14472492002892068
-5.08917686106156
-0.8960967860821256
2.355424287762389
0.39710949564187104
-7.833176838254758
-0.17487927132856385
5.693182412769147
-9.460892007428356
-2.1512327153086517
1.0329732470086128
8.562283211525255
3.3743954198157553
-2.281239764534348
1.3855111816926637
-1.3795984731907538
15.456855754421213
1.8918810840070819
-15.767254189353707
-4.328042967795682
-6.1663116384872865
-9.89570899771843
-5.181133248684773
0.3169082991864798
-2.2035293562776133
-1.4620910486762568
6.158878007179965
-6.84616900879746
-3.5283435204548823
-6.013536577503828
-2.0069299759841215
-0.5300478300159739
-3.664474817977407
-1.3507724886601409
10.17890069188661
-5.912949266487885
2.851429359460326
-11.20710536041679
19.997062844249285
3.3566452538552767
11.076629747954485
-2.7813195168364473
-13.27160944652951
8.496489588814711
12.977150367368495
-18.181035867394257
-2.1933235181920736
-0.08810681246791319
6.00538164420982
0.6894988899077816
-2.484886926742547
1.9135490301475784
-2.7087355747858055
-23.428135086190878
9.42863374904482
2.245917355631491
6.413289898865514
9.604189580125194
-13.986325390779484
3.540870587255995
-21.213215796511804
-1.486925756337996
-19.958191250059826
22.584365223521218
27.24769769066961
13.808700439385575
12.737790154320692
-6.390137742018396
8.861635930810735
0.766732198617774
-6.213507377998667
6.6859146288891225
-9.872655886802704
8.643131384333856
11.186237200904316
8.182373428956225
-8.490487493561659
2.96944309837545
-3.8493275889122742
-0.2770649338358453
-8.69495053700507
-10.591458495473262
-10.488487232100624
-4.528205352666873
-11.636188551780151
-4.4430361566380725
0.48979212431936503
-0.5396485221501734
-1.5873005477706101
-2.537311266967208
-7.3305195728512444
-6.096543817761585
3.9835201160769884
-0.32439957364749716
7.827221699847769
-1.2540790983400711
9.407874744055789
-3.4173264681178352
13.35300050862611
4.039379082931191
11.074645764440447
-19.40102515360718
-5.83494207812646
21.753773115279046
3.149835844872541
-4.841166844419149
9.986049372603702
-1.3707479461004368
18.839777623205464
-2.492592905117135
-7.440988737478165
0.7343912043650107
-9.025093401991626
11.785855799874298
4.124293777031426
-6.192780237507122
-6.616509862833027
0.08987754384361324
3.92958296611323
