2.4397010259060607
2.1760557880420492
6.74235847416594
-2.1228452356124308
-2.0499693341289458
-4.265051730303867
-3.011769939144415
-6.305510533994038
4.575795409957891
0.13289105178341742
-1.51051232869645
-5.253551380861381
1.6538468251706036
3.3437697115218725
-7.524086923154982
4.52433112512972
-1.2754825260517464
3.143969027239791
4.721703109913051
-3.1017013049565776
-0.5488606109090597
0.7923128363618162
6.08051335580717
7.705196745905141
-9.543330177476037
1.916405206417494
2.9564034375894153
4.661219895809609
-1.181712293595183
-0.46269495991282383
-4.399544642920546
-1.28777567212137
-1.9271889697392908
2.256403277551499
-0.7938035209081136
-3.9354232763794244
-2.589861484414314
1.689479597133186
2.039189728333895
-2.252799262469807
-2.160963975326922
-1.5631154715069897
-9.142824600007543
-2.221979611448205
4.082593085043982
0.16964379324122092
-7.454124953447945
-3.5884210381034336
3.2190584334705363
-4.120355616707911
-4.464247317285071
1.978667702609755
2.6200718980414877
-2.4747846144464347
-9.131270622841157
10.96941541304409
0.99979950403781
-10.116645141147046
-0.03999245659542794
-2.809817229910095
2.1286611010609704
7.1929778892515515
-4.089254942511616
2.920515059183799
0.5936568397125939
-2.569740321260497
7.456151665382777
3.280029036878659
3.1687608239283236
-1.8812274959077513
-0.9714180818759814
1.885126080570899
7.099247445345782
3.0084140124556598
6.111958990158428
-3.109291241108167
0.7413090194847882
-3.0039765208277913
-2.277453340430384
-1.503016917292598
-2.7917351748408237
1.051593969116766
-2.4285200186031943
0.6598899213879577
5.729362850651796
-0.5900995743015756
4.860644446585638
4.618599170439666
1.2944123140425745
-4.966338160738815
-4.00943830573442
3.4877311196128176
3.2968420598001558
-5.716842673752126
2.42206840232825
-2.113741885968693
3.1577842803415024
0.874005587219699
0.647272470512462
-5.3576330300318205
6.039994546749313
-3.1852842459022668
2.667653872729261
-3.396902838506776
2.7325054249233744
-5.581416126928389
-2.8633482956133776
0.48053730221568003
-2.007646411012729
0.3515590259378314
0.4287779623032293
4.816971664965877
-4.679557094558959
-5.302331231135213
-0.0683447648591482
4.295967049098863
-2.7416351809192747
-1.1923642649815065
-0.8532626958710807
-0.4831893064144879
-1.8280859738144954
-0.3134066499742403
3.7436859064987402
-5.67066436136156
5.476583805016162
0.9805090766562898
1.243053714079906
-1.9700166839113535
-1.7303313930610784
-10.038334854329378
2.0628078880786234
6.259659001531645
3.4709866336422692
4.792523188819359
3.4329437651938406
-0.11419616156695156
4.0223682099006055
1.1992814642205758
-0.9602346457083968
4.955108417709425
-0.17646180125461797
-0.5125286867375962
5.789944721769189
2.967709341877253
0.2209706256305708
2.9261570096171
-6.179211432872535
-3.2197463383947706
1.54904373272052
-3.950031661021967
5.3129729284819405
-0.21750606910541137
-8.971142189006741
-2.4436448785950233
-0.36793857213251613
-1.5744357778116864
0.6968679171955046
-5.212003831996981
-0.641730675275312
-0.7556982504634107
-1.8798018487736954
-3.455717715000901
-2.122922977533335
6.680783530339113
-4.9161031631444985
4.658546349412973
-3.5336207336720236
4.510167241683348
-6.665441294645461
-0.0924219837218061
-3.3922046808472714
-0.2556137523331472
2.131120054315261
1.7037607209565522
4.4611669056341725
3.973548256899903
-5.395450666208717
-2.0648616828875674
-0.26748958700136427
2.013415977579598
-5.083623442553289
0.5756298389214862
5.524431375950144
5.177505722029309
4.384753001128729
1.0468579232649518
5.276764889653123
1.1937888138947983
-4.824762703833812
5.26001631661893
-1.1694090856972252
-0.41207667858270725
-1.1698038812796767
-5.959580858935169
5.712881439822922
2.912618291861463
-2.1474914862963033
-4.180207889049598
-0.8128116325478913
1.3658736191196112
-0.14418801551687466
-6.5076749585550715
-3.134907691465969
-0.1813388121324806
7.074900987384808
6.715167065789728
-0.5601108986945746
-3.7340468239528946
-3.1917476446153614
-5.253550761761971
2.745054763891403
-5.1770453105914385
3.095714611635003
-7.341114250033343
0.5099053096491843
2.7694339341016985
0.5249569434708974
3.4473214953425213
1.3022560598494692
-1.6883849097202983
-0.300722245709494
4.441674227535714
2.620127817753655
-0.2545297321310045
2.3703028167710727
-4.546869944833361
-5.766065037166754
-2.0886120867280624
5.917136579002772
-0.18917867280970313
-1.3195660613730524
5.429259820908783
3.2898105076401407
-1.3095420669112627
-1.0923690306049139
-2.3452100897461605
6.607524000908825
-4.2966315996222875
3.1599067505112544
-4.426165152325211
0.7266869495906576
-0.28182360971527487
0.7037706408882514
-4.644586415589629
0.9079755525556266
-1.3119951061974007
0.24659490413841922
-3.5048467333219833
1.478997627560375
-2.9406130798906815
-1.709264224091612
2.879445973361271
4.003574604919322
-4.022083378551542
2.8814673658455376
-1.9569647394794174
-2.8552159185130677
-2.780018895778994
-10.497723603370787
4.956374527624348
5.131268170224075
2.2049342933280514
4.736402493895412
0.7827531122188702
9.74365167248402
3.3909539929552466
1.1857728318991576
-1.213732114982804
-2.4115507043873095
-2.905898427120974
1.2842262802155346
6.451227153622767
1.7629221669608341
0.715475192204849
-2.9560599190947414
-2.805262783657554
-1.4831831477606556
-3.9204212422193905
4.24160962848282
-0.43147392391301764
-1.2068380613263798
-1.6181457117211266
-1.1512811589177545
-8.318272196025873
0.3192204375363872
-2.0404685510864056
-5.49020586068832
2.6493071710794993
1.3283916368409336
-5.024042004281682
-4.023007652472188
-2.024120169112848
10.028594078256674
3.4116155111023545
-3.328145482609443
0.718414014799464
1.389407446305995
6.217981790304975
2.748498256357607
-0.8171847593700932
-1.802779170508984
-2.849417292557746
-1.051536556032488
5.971543029406348
1.8917484598403007
-0.32285592682683273
-0.210695627672294
3.4205224898623783
4.108424321183975
1.0796700183027497
-0.7477638892662526
0.001963966233915926
-4.710972084521927
6.457222247908248
-3.701828732907188
