1859.903521823361
149.77099801821714
2521.8187637619185
-2436.348569124853
2909.145090508513
-811.5163579910766
106.25288563760796
1456.137439218748
-1164.948653301727
2656.2752787183545
-455.6449077191228
2079.306354067389
670.7454726867381
1343.8191812800806
561.5774595842842
348.6932841641533
348.37533091445425
1345.7403808803492
1385.5645990989722
-115.6374013375455
3042.761503727711
95.12815467263897
203.96464535505402
2848.348829611552
-524.8315989649598
2632.50428684338
7.8519026746605505
1782.0325013444758
1346.9164850363543
882.1490956897107
983.9932831907836
935.6020539042103
2526.3564697384045
377.7910970670648
2033.452481250963
-87.25955770297242
1749.2717223709237
2090.075323193935
237.8994065027822
1092.8438188362366
1929.7507228250713
-119.99992547674606
2066.4231563846606
-109.78328360136265
436.1385769653366
2969.1664310258084
536.5185712422648
2331.138978361192
499.8286137918559
2383.582167436158
-731.8098100178613
2722.3979778726525
548.7397168017073
2495.5389232056186
87.66640115798191
2045.488663304788
864.6743897680767
1477.2108060787875
113.31338369656066
810.0025245217072
1524.5416124501546
410.1940975657434
2602.0129765201377
51.5195841215907
1712.0639636398498
2636.730575838014
92.48450123990506
2648.335264790633
327.32101285774206
2166.3166516222536
-24.586590892535696
2839.3822768871314
-1816.3791223982512
2717.2652792553386
207.13041386979637
2378.4432902063345
412.3059780255478
2047.0958414657284
-1224.2870574143762
2623.8879216427617
-340.87064928612426
2548.649488626389
293.570753549508
886.5557558029711
583.7009102836957
1622.531674199232
297.0857634566206
1985.7350417116459
650.6410800304575
2531.567065440447
596.0181452576849
1775.1492670894934
613.5648728786462
2027.3535017548288
-64.15349318470135
2722.3177363822088
27.396651173846976
586.73833254945
199.30954685401764
2715.2632548747933
123.54949746044178
2042.7041780881923
515.1006910375778
1593.8360001669735
109.8842092744394
92.35103528757395
1499.8655309482315
514.0823772222383
2058.7879196664317
-1144.3846732668198
2277.5970566631613
-50.112071187038964
1661.4649241044758
930.699763758407
-238.61621796528743
2242.5320971290466
-137.13767754503556
-514.2601822901975
2441.384456411881
-274.76553003656636
641.9276389399147
2352.5149976512657
-583.4103813785293
2201.4065955224796
125.68544564219758
1497.8635201807842
676.2072169908749
1282.5911836924595
171.85497365935532
1324.2271418501537
738.9837662601776
1612.6205188456665
321.9844878500397
1697.3793267647075
391.80766682660783
2134.1928929170654
-384.2062456248632
2257.576334764237
-21.995630396578463
1683.774051742641
-279.65146770031265
536.2205807119946
395.64375810705167
1629.963808884781
-217.51341479987946
1975.596143627422
268.82803958647617
2087.513842377208
541.0552004304238
2100.340012283156
207.96481521303542
487.403234289298
803.7981969751118
845.4901664490228
-335.41588497989255
2063.2967554836932
867.2124495765333
1068.1973728621501
1101.7205281087545
2180.4725838130253
478.1917664797586
2359.224031078151
-447.5170370457656
1411.9174539423038
-18.101483350265198
2051.1972552327206
442.93368011862196
2153.040945265873
714.5544449569315
2422.2331801177997
-1300.5761979113254
939.1432926565187
632.4677141959932
2382.4806767998243
-410.4141745556474
893.4280771504812
735.4370922459204
2275.6484805118807
-186.10271741590986
2144.637623532556
-450.00671609857045
2460.270890193962
108.79688983440656
1469.7265620716926
352.1896987311367
1715.3360702499895
-904.8786296772096
2537.6237523224
102.0895458772602
1798.0066124029345
235.34509886847957
900.3637457961106
1756.314338339082
-523.7843878157253
1788.5676720472643
-831.619862791794
2091.806172424116
12.107877959358575
1958.0848430746123
3.373483409030314
677.9091425772699
266.7145374891264
150.17038605997016
-1474.8634956588548
2411.652795567443
81.57023302348671
1327.5815830137021
665.6745584349254
903.6403725476168
1796.356206040699
132.2904120084828
2332.8341450117077
-864.6026592203677
2238.9876076243304
-253.0939096844802
2815.35708533463
-210.86103888544926
1281.3869455528213
-350.403683556478
2382.7658700352877
537.0090636108367
2062.7860103075163
48.11352637780226
1781.9313998181642
902.3816407648495
801.585485344733
2081.980931435961
312.51842437316657
2436.406238005876
2144.2224393731176
364.8492027253001
907.682621717017
2093.30886747635
-1136.5875468182317
2339.2826604681186
495.9049913741467
339.88690402863597
1402.5726859092333
718.6501778660938
2298.584935816468
1624.6265888624155
517.583465600179
2145.1538078768117
448.5633860857123
1370.2317161344065
324.660907713558
2397.7180001432985
1004.811543033656
2106.7199497599854
43.05905998467267
1859.3762244309773
-69.381391063823
1452.489417629583
550.7515521947398
1121.4482982602551
185.01979157142398
1243.9812824681667
392.0363874140411
-555.5232327034178
2064.7472964812555
2361.858416151472
1296.6770930442701
2806.075055585519
565.5445014420534
2205.5867327880214
683.3187710721822
1993.548089676139
784.478837339404
2716.6718104175516
1124.6722126465725
2592.7424510029496
502.20891768402555
825.8586496255039
1550.0829637652803
1372.6958784560343
1819.8351517771512
730.9142332035922
2913.3290521642402
641.6768526390845
2826.3408677283646
588.4840663574544
2284.868413110172
1339.7629559830577
1527.9340532028377
1049.0895444793605
127.95580902484176
3129.5433760634633
428.9790075332827
1598.0991644730589
1375.6666619543666
641.6165265302467
1076.716260106457
566.3501851301223
308.3603406271684
788.1770150980182
926.7641718059195
559.9405086218159
2640.7673655433105
-4.843448045436389
1626.781811397446
851.083007897859
1975.2929979216499
-318.50668561010707
2155.8574316621944
256.3998286093056
2133.4411814239256
1218.6559830610702
1239.0951742931866
1198.9112491135074
2006.47217809221
873.6246507143371
1895.1748802930297
708.178239462135
2129.1272615118087
725.580987379898
