1062.597201615572
1046.6519145667553
1069.7171559929848
1059.911230802536
1059.8685963451862
1049.764229953289
1053.4307932853699
1064.0041387081146
1064.302579909563
1068.2675844430923
1062.1282225847244
1051.9385872781277
1059.527520686388
1060.294940918684
1056.074129641056
1052.4075663089752
1049.977402240038
1054.4113858044147
1078.840929865837
1050.147940069437
1064.7289244830608
1071.2519964575768
1070.1861350238323
1082.3369553685188
1035.9080313146114
1068.73656347394
1067.969143241644
1062.0429536700249
1071.1240930855274
1067.755970954895
1060.849188864231
1048.4851962327957
1066.0932271182537
1064.9420967698097
1051.9385872781277
1046.1829355359077
1052.066490650177
1067.0311851799488
1067.4575297534466
1052.8765453398228
1054.4113858044147
1052.0238561928272
1046.694549024105
1067.1164540946484
1053.0897176265717
1056.0314951837063
1050.147940069437
1059.356982856989
1071.1240930855274
1052.450200766325
1043.5395991802216
1057.1399910748005
1057.0973566174507
1066.9459162652493
1050.9579947590828
1062.5119327008724
1056.9694532454014
1040.597821623087
1074.2364084720612
1046.6092801094055
1057.2252599895
1056.7136465013027
1059.4422517716885
1068.352853357792
1045.6286875903606
1050.7021880149841
1068.6086601018906
1076.1549590528011
1072.0194166898727
1045.9697632491589
1047.1635280549526
1071.8915133178234
1074.7053875029087
1074.8759253323078
1058.760100454092
1058.6748315393925
1057.9074113070965
1068.3102189004421
1059.6980585157871
1066.9459162652493
1047.2487969696522
1068.0117776989937
1063.7056975066662
1055.9462262690067
1059.0159071981907
1050.8727258443832
1064.8568278551102
1078.5851231217384
1046.907721310854
1048.996809720993
1046.6519145667553
1059.6127896010876
1061.446071267128
1043.9659437537193
1029.9818417429924
1057.2678944468498
1061.4034368097782
1061.829781383276
1043.7954059243202
1049.0394441783428
1053.8145034015179
1056.9268187880516
1046.0976666212082
1046.7371834814548
1049.6789610385895
1054.6671925485134
1050.744822472334
1063.4925252199173
1051.5975116193295
1056.9268187880516
1058.5469281673431
1065.070000141859
1057.3105289041996
1045.4155153036118
1046.2255699932575
1066.988550722599
1066.1784960329533
1057.0973566174507
1051.5548771619797
1053.2602554559708
1051.6401460766792
1065.453710258007
1072.2325889766216
1058.8027349114418
1052.6633730530739
1046.1829355359077
1060.2096720039845
1052.1517595648766
1057.2678944468498
1055.3493438661098
1056.9694532454014
1060.5507476627827
1066.3916683197021
1060.294940918684
1049.0820786356926
1057.6942390203476
1060.3802098333836
1074.44958075881
1048.5278306901455
1062.8103739023209
1046.2255699932575
1062.2561259567738
1073.6395260691643
1066.1784960329533
1056.3725708425045
1063.5777941346169
1046.9503557682037
1070.996189713478
1056.2020330131054
1055.903591811657
1048.6557340621948
1063.8762353360653
1059.5701551437378
1055.3493438661098
1060.4654787480831
1051.3417048752308
1055.690419524908
1042.5590066611767
1050.744822472334
1045.372880846262
1053.8145034015179
1049.8068644106388
1043.1985235214233
1068.6512945592403
1037.911850810051
1064.132042080164
1051.128532588482
1058.9306382834911
1061.829781383276
1072.8294713795185
1032.4120058119297
1057.054722160101
1065.837420374155
1071.593072116375
1062.6398360729218
1068.6086601018906
1044.0512126684189
1058.2911214232445
1056.3299363851547
1054.5819236338139
1027.4664087593555
1060.678651034832
1058.8453693687916
1064.0467731654644
1062.4266637861729
1053.3028899133205
1055.4346127808094
1049.8921333253384
1055.30670940876
1067.5001642107964
1057.1399910748005
1052.1091251075268
1058.4190247952938
1043.3690613508224
1064.8141933977604
1042.4311032891273
1056.5004742145538
1044.4775572419167
1070.058231651783
1044.9039018154144
1054.2834824323654
1043.5395991802216
1070.7403829693794
1052.4075663089752
1069.2481769621372
1077.7750684320927
1067.5001642107964
1054.0703101456165
1051.4269737899303
1058.0779491364956
1057.6516045629978
1059.1864450275898
1060.7639199495316
1066.5622061491013
1051.7680494487286
1061.1049956083298
1048.1441205739975
1073.2131814956665
1053.4734277427197
1051.895952820778
1047.5472381711006
1062.000319212675
1054.9656337499619
1046.2255699932575
1056.1167640984058
1062.0429536700249
1051.8106839060783
1045.0318051874638
1054.752461463213
1039.3187879025936
1071.8062444031239
1070.3566728532314
1064.1746765375137
1061.1476300656796
1062.1708570420742
1057.438432276249
1066.3490338623524
1047.1635280549526
1051.3417048752308
1056.5431086719036
1080.2905014157295
1061.446071267128
1071.6357065737247
1055.6477850675583
1073.0426436662674
1060.2096720039845
1059.1011761128902
1053.5160622000694
1064.132042080164
1056.5857431292534
1056.3299363851547
1065.7521514594555
1055.9462262690067
1052.4928352236748
1057.5663356482983
1057.822142392397
1056.5431086719036
1055.0935371220112
1039.7024980187416
1061.2755334377289
1061.1049956083298
1063.4072563052177
1071.4225342869759
1050.8300913870335
1059.356982856989
1048.9541752636433
1044.008578211069
1048.3572928607464
1056.1593985557556
1051.6401460766792
1049.59369212389
1050.8300913870335
1064.9847312271595
1041.1947040259838
1045.1170741021633
1035.8227623999119
1052.450200766325
1054.7950959205627
1053.4307932853699
1055.519881695509
1051.8106839060783
1061.7018780112267
1043.7101370096207
1046.7371834814548
1051.5548771619797
1032.0709301531315
1054.752461463213
1044.392288327217
1048.3572928607464
1047.8030449151993
1045.2449774742126
1056.0314951837063
1042.3884688317776
1046.0976666212082
1040.981531739235
1068.0970466136932
1044.7333639860153
1055.8609573543072
1050.6169191002846
1043.9659437537193
1045.5860531330109
1058.8453693687916
1045.8844943344593
1068.352853357792
1043.1985235214233
1053.4734277427197
1053.5160622000694
1055.0509026646614
1061.4887057244778
1048.5278306901455
1055.30670940876
1051.3843393325806
1051.128532588482
1055.8183228969574
1043.7101370096207
